   -8.500000   10.250000    0.013223    0.000000    0.013223    0.000000
   -8.219789   10.250000    0.014593   -0.000035    0.014593   -0.000001
   -7.939577   10.250000    0.016104   -0.000071    0.016104   -0.000001
   -7.659366   10.250000    0.017771   -0.000106    0.017771   -0.000002
   -7.379154   10.277553    0.019612   -0.000141    0.019612   -0.000003
   -7.098943   10.341441    0.021638   -0.000176    0.021638   -0.000004
   -6.818731   10.405329    0.023861   -0.000212    0.023861   -0.000005
   -6.538520   10.469218    0.026290   -0.000247    0.026290   -0.000006
   -6.258308   10.533106    0.028933   -0.000283    0.028933   -0.000008
   -5.978097   10.596994    0.031801   -0.000319    0.031801   -0.000010
   -5.697885   10.660882    0.034903   -0.000355    0.034903   -0.000012
   -5.417674   10.724770    0.038246   -0.000392    0.038246   -0.000015
   -5.137462   10.788659    0.041839   -0.000429    0.041839   -0.000018
   -4.857251   10.852547    0.045688   -0.000467    0.045688   -0.000021
   -4.577039   10.916435    0.049799   -0.000505    0.049799   -0.000025
   -4.296828   10.980323    0.054177   -0.000544    0.054177   -0.000029
   -4.016616   11.044211    0.058824   -0.000583    0.058824   -0.000034
   -3.736405   11.108100    0.063742   -0.000624    0.063742   -0.000040
   -3.456193   11.171988    0.068931   -0.000665    0.068931   -0.000046
   -3.175982   11.235876    0.074388   -0.000707    0.074388   -0.000053
   -2.895770   11.299764    0.080107   -0.000751    0.080107   -0.000060
   -2.615559   11.363653    0.086083   -0.000795    0.086083   -0.000068
   -2.335347   11.427541    0.092303   -0.000840    0.092303   -0.000078
   -2.055136   11.491429    0.098756   -0.000886    0.098756   -0.000088
   -1.774924   11.555317    0.105425   -0.000934    0.105425   -0.000098
   -1.494713   11.619205    0.112290   -0.000983    0.112290   -0.000110
   -1.214502   11.683094    0.119330   -0.001033    0.119330   -0.000123
   -0.934290   11.746982    0.126517   -0.001084    0.126517   -0.000137
   -0.654079   11.810870    0.133822   -0.001138    0.133822   -0.000152
   -0.373867   11.874758    0.141210   -0.001192    0.141210   -0.000168
   -0.093656   11.938647    0.148646   -0.001249    0.148646   -0.000186
    0.186556   11.960000    0.156089   -0.001307    0.156089   -0.000204
    0.466767   11.960000    0.163523   -0.001367    0.163523   -0.000224
    0.746979   11.960000    0.170949   -0.001430    0.170948   -0.000244
    1.027190   11.960000    0.178364   -0.001494    0.178364   -0.000266
    1.307402   11.960000    0.185769   -0.001560    0.185769   -0.000290
    1.587613   11.960000    0.193164   -0.001629    0.193164   -0.000315
    1.867825   11.960000    0.200548   -0.001700    0.200548   -0.000341
    2.148036   11.960000    0.207920   -0.001773    0.207920   -0.000369
    2.428248   11.960000    0.215281   -0.001849    0.215281   -0.000398
    2.708459   11.960000    0.222629   -0.001927    0.222629   -0.000429
    2.988671   11.960000    0.229965   -0.002007    0.229964   -0.000462
    3.268882   11.960000    0.237288   -0.002089    0.237287   -0.000496
    3.549094   11.960000    0.244597   -0.002174    0.244596   -0.000532
    3.829305   11.960000    0.251892   -0.002262    0.251891   -0.000570
    4.109517   11.960000    0.259173   -0.002352    0.259172   -0.000610
    4.389728   11.960000    0.266439   -0.002444    0.266438   -0.000651
    4.669940   11.960000    0.273690   -0.002539    0.273689   -0.000695
    4.950151   11.960000    0.280925   -0.002636    0.280924   -0.000741
    5.230363   11.960000    0.288145   -0.002736    0.288144   -0.000788
    5.510574   11.960000    0.295348   -0.002839    0.295347   -0.000838
    5.790785   11.960000    0.302534   -0.002944    0.302533   -0.000891
    6.070997   11.960000    0.309704   -0.003051    0.309702   -0.000945
    6.351208   11.960000    0.316855   -0.003161    0.316854   -0.001002
    6.631420   11.960000    0.323989   -0.003274    0.323987   -0.001061
    6.911631   11.960000    0.331104   -0.003389    0.331102   -0.001122
    7.191843   11.960000    0.338200   -0.003507    0.338198   -0.001186
    7.472054   11.960000    0.345277   -0.003627    0.345275   -0.001252
    7.752266   11.960000    0.352335   -0.003750    0.352332   -0.001321
    8.032477   11.960000    0.359372   -0.003875    0.359370   -0.001393
    8.312689   11.960000    0.366389   -0.004003    0.366386   -0.001467
    8.592900   11.960000    0.373385   -0.004134    0.373382   -0.001544
    8.873112   11.960000    0.380360   -0.004268    0.380357   -0.001623
    9.153323   11.960000    0.387314   -0.004404    0.387310   -0.001706
    9.433535   11.960000    0.394245   -0.004542    0.394241   -0.001791
    9.713746   11.960000    0.401154   -0.004684    0.401150   -0.001879
    9.993958   11.960000    0.408040   -0.004828    0.408036   -0.001970
   10.274169   11.960000    0.414903   -0.004975    0.414898   -0.002064
   10.554381   11.960000    0.421743   -0.005124    0.421737   -0.002161
   10.834592   11.960000    0.428558   -0.005276    0.428552   -0.002261
   11.114804   11.960000    0.435349   -0.005431    0.435343   -0.002364
   11.395015   11.960000    0.442116   -0.005589    0.442109   -0.002471
   11.675227   11.960000    0.448857   -0.005749    0.448850   -0.002580
   11.955438   11.960000    0.455573   -0.005912    0.455565   -0.002693
   12.235650   11.960000    0.462263   -0.006078    0.462254   -0.002810
   12.515861   11.960000    0.468926   -0.006246    0.468917   -0.002929
   12.796073   11.960000    0.475563   -0.006418    0.475553   -0.003052
   13.076284   11.960000    0.482173   -0.006592    0.482163   -0.003178
   13.356495   11.960000    0.488756   -0.006768    0.488745   -0.003308
   13.636707   11.960000    0.495311   -0.006948    0.495299   -0.003441
   13.916918   11.960000    0.501837   -0.007131    0.501824   -0.003578
   14.197130   11.960000    0.508335   -0.007316    0.508322   -0.003719
   14.477341   11.960000    0.514805   -0.007504    0.514790   -0.003863
   14.757553   11.960000    0.521245   -0.007695    0.521229   -0.004011
   15.037764   11.960000    0.527655   -0.007888    0.527639   -0.004162
   15.317976   11.960000    0.534035   -0.008085    0.534018   -0.004318
   15.598187   11.960000    0.540386   -0.008284    0.540367   -0.004477
   15.878399   11.960000    0.546705   -0.008487    0.546685   -0.004640
   16.158610   11.960000    0.552993   -0.008692    0.552972   -0.004807
   16.438822   11.960000    0.559250   -0.008900    0.559228   -0.004977
   16.719033   11.960000    0.565475   -0.009111    0.565452   -0.005152
   16.999245   11.960000    0.571669   -0.009325    0.571644   -0.005331
   17.279456   11.960000    0.577829   -0.009542    0.577803   -0.005513
   17.559668   11.960000    0.583957   -0.009762    0.583929   -0.005700
   17.839879   11.960000    0.590052   -0.009984    0.590022   -0.005891
   18.120091   11.960000    0.596113   -0.010210    0.596082   -0.006086
   18.400302   11.960000    0.602140   -0.010439    0.602107   -0.006285
   18.680514   11.960000    0.608133   -0.010670    0.608098   -0.006489
   18.960725   11.960000    0.614091   -0.010905    0.614055   -0.006697
   19.240937   11.960000    0.620015   -0.011143    0.619977   -0.006908
   19.521148   11.960000    0.625904   -0.011383    0.625863   -0.007125
   19.801360   11.960000    0.631756   -0.011627    0.631714   -0.007345
   20.081571   11.960000    0.637574   -0.011874    0.637529   -0.007570
   20.361782   11.960000    0.643354   -0.012124    0.643307   -0.007800
   20.641994   11.960000    0.649099   -0.012377    0.649049   -0.008033
   20.922205   11.960000    0.654806   -0.012633    0.654754   -0.008272
   21.202417   11.960000    0.660476   -0.012892    0.660421   -0.008514
   21.482628   11.960000    0.666109   -0.013154    0.666052   -0.008762
   21.762840   11.960000    0.671704   -0.013419    0.671644   -0.009014
   22.043051   11.960000    0.677261   -0.013688    0.677197   -0.009270
   22.323263   11.960000    0.682779   -0.013960    0.682713   -0.009531
   22.603474   11.960000    0.688259   -0.014234    0.688189   -0.009797
   22.883686   11.960000    0.693699   -0.014512    0.693626   -0.010067
   23.163897   11.960000    0.699101   -0.014794    0.699024   -0.010342
   23.444109   11.960000    0.704462   -0.015078    0.704382   -0.010622
   23.724320   11.960000    0.709784   -0.015366    0.709700   -0.010906
   24.004532   11.960000    0.715065   -0.015657    0.714977   -0.011195
   24.284743   11.960000    0.720305   -0.015951    0.720214   -0.011489
   24.564955   11.960000    0.725505   -0.016249    0.725409   -0.011788
   24.845166   11.960000    0.730664   -0.016550    0.730564   -0.012092
   25.125378   11.960000    0.735781   -0.016854    0.735676   -0.012400
   25.405589   11.960000    0.740856   -0.017161    0.740747   -0.012714
   25.685801   11.960000    0.745890   -0.017472    0.745776   -0.013032
   25.966012   11.960000    0.750881   -0.017787    0.750762   -0.013355
   26.246224   11.960000    0.755829   -0.018104    0.755705   -0.013683
   26.526435   11.960000    0.760734   -0.018425    0.760605   -0.014016
   26.806647   11.960000    0.765597   -0.018750    0.765462   -0.014354
   27.086858   11.960000    0.770416   -0.019078    0.770276   -0.014697
   27.367069   11.960000    0.775191   -0.019410    0.775045   -0.015045
   27.647281   11.960000    0.779922   -0.019744    0.779770   -0.015398
   27.927492   11.960000    0.784609   -0.020083    0.784451   -0.015756
   28.207704   11.960000    0.789252   -0.020425    0.789087   -0.016119
   28.487915   11.960000    0.793849   -0.020771    0.793678   -0.016488
   28.768127   11.960000    0.798402   -0.021120    0.798224   -0.016861
   29.048338   11.960000    0.802909   -0.021472    0.802724   -0.017239
   29.328550   11.960000    0.807371   -0.021829    0.807179   -0.017623
   29.608761   11.960000    0.811787   -0.022189    0.811587   -0.018011
   29.888973   11.960000    0.816157   -0.022553    0.815950   -0.018405
   30.169184   11.960000    0.820481   -0.022920    0.820266   -0.018804
   30.449396   11.960000    0.824758   -0.023291    0.824535   -0.019208
   30.729607   11.960000    0.828989   -0.023666    0.828757   -0.019617
   31.009819   11.960000    0.833172   -0.024044    0.832931   -0.020031
   31.290030   11.960000    0.837308   -0.024427    0.837059   -0.020451
   31.570242   11.960000    0.841397   -0.024813    0.841138   -0.020875
   31.850453   11.960000    0.845438   -0.025203    0.845170   -0.021305
   32.130665   11.960000    0.849431   -0.025597    0.849153   -0.021740
   32.410876   11.960000    0.853376   -0.025995    0.853088   -0.022181
   32.691088   11.960000    0.857273   -0.026396    0.856974   -0.022626
   32.971299   11.960000    0.861121   -0.026802    0.860812   -0.023077
   33.251511   11.960000    0.864920   -0.027211    0.864600   -0.023533
   33.531722   11.960000    0.868670   -0.027625    0.868339   -0.023994
   33.811934   11.960000    0.872371   -0.028042    0.872028   -0.024460
   34.092145   11.960000    0.876023   -0.028464    0.875668   -0.024932
   34.372356   11.960000    0.879624   -0.028890    0.879257   -0.025409
   34.652568   11.960000    0.883177   -0.029319    0.882797   -0.025891
   34.932779   11.960000    0.886679   -0.029753    0.886286   -0.026378
   35.212991   11.960000    0.890130   -0.030191    0.889725   -0.026870
   35.493202   11.960000    0.893532   -0.030634    0.893112   -0.027368
   35.773414   11.960000    0.896882   -0.031080    0.896449   -0.027871
   36.053625   11.960000    0.900182   -0.031531    0.899735   -0.028379
   36.333837   11.960000    0.903431   -0.031986    0.902969   -0.028892
   36.614048   11.960000    0.906629   -0.032445    0.906152   -0.029411
   36.894260   11.960000    0.909776   -0.032909    0.909283   -0.029934
   37.174471   11.960000    0.912870   -0.033377    0.912362   -0.030463
   37.454683   11.960000    0.915914   -0.033850    0.915389   -0.030997
   37.734894   11.960000    0.918905   -0.034326    0.918364   -0.031537
   38.015106   11.960000    0.921844   -0.034808    0.921286   -0.032081
   38.295317   11.960000    0.924732   -0.035294    0.924156   -0.032631
   38.575529   11.960000    0.927566   -0.035784    0.926973   -0.033185
   38.855740   11.960000    0.930349   -0.036280    0.929737   -0.033745
   39.135952   11.960000    0.933079   -0.036779    0.932447   -0.034310
   39.416163   11.960000    0.935755   -0.037284    0.935105   -0.034880
   39.696375   11.960000    0.938379   -0.037793    0.937709   -0.035456
   39.976586   11.960000    0.940950   -0.038307    0.940260   -0.036036
   40.256798   11.960000    0.943468   -0.038825    0.942757   -0.036621
   40.537009   11.960000    0.945932   -0.039349    0.945200   -0.037212
   40.817221   11.960000    0.948343   -0.039877    0.947589   -0.037807
   41.097432   11.960000    0.950700   -0.040411    0.949924   -0.038408
   41.377644   11.960000    0.953003   -0.040949    0.952204   -0.039014
   41.657855   11.960000    0.955253   -0.041492    0.954430   -0.039624
   41.938066   11.960000    0.957448   -0.042040    0.956602   -0.040240
   42.218278   11.960000    0.959589   -0.042594    0.958719   -0.040860
   42.498489   11.960000    0.961676   -0.043152    0.960781   -0.041486
   42.778701   11.960000    0.963709   -0.043716    0.962788   -0.042116
   43.058912   11.960000    0.965687   -0.044285    0.964740   -0.042751
   43.339124   11.960000    0.967611   -0.044859    0.966637   -0.043392
   43.619335   11.960000    0.969480   -0.045439    0.968479   -0.044037
   43.899547   11.960000    0.971294   -0.046024    0.970266   -0.044687
   44.179758   11.960000    0.973053   -0.046614    0.971996   -0.045341
   44.459970   11.960000    0.974758   -0.047210    0.973672   -0.046001
   44.740181   11.960000    0.976407   -0.047811    0.975291   -0.046665
   45.020393   11.960000    0.978001   -0.048418    0.976855   -0.047334
   45.300604   11.960000    0.979540   -0.049030    0.978363   -0.048008
   45.580816   11.960000    0.981024   -0.049648    0.979815   -0.048686
   45.861027   11.960000    0.982452   -0.050272    0.981211   -0.049369
   46.141239   11.960000    0.983825   -0.050902    0.982550   -0.050057
   46.421450   11.960000    0.985142   -0.051538    0.983834   -0.050749
   46.701662   11.960000    0.986403   -0.052179    0.985061   -0.051446
   46.981873   11.960000    0.987609   -0.052827    0.986232   -0.052148
   47.262085   11.960000    0.988760   -0.053480    0.987346   -0.052854
   47.542296   11.960000    0.989854   -0.054140    0.988404   -0.053564
   47.822508   11.960000    0.990893   -0.054805    0.989405   -0.054279
   48.102719   11.960000    0.991875   -0.055477    0.990349   -0.054998
   48.382931   11.960000    0.992802   -0.056155    0.991237   -0.055722
   48.663142   11.960000    0.993673   -0.056840    0.992068   -0.056450
   48.943353   11.960000    0.994488   -0.057531    0.992843   -0.057182
   49.223565   11.960000    0.995247   -0.058228    0.993560   -0.057919
   49.503776   11.960000    0.995950   -0.058932    0.994221   -0.058660
   49.783988   11.960000    0.996596   -0.059643    0.994824   -0.059405
   50.064199   11.960000    0.997187   -0.060360    0.995371   -0.060154
   50.344411   11.960000    0.997721   -0.061084    0.995860   -0.060907
   50.624622   11.960000    0.998199   -0.061815    0.996292   -0.061665
   50.904834   11.960000    0.998621   -0.062553    0.996668   -0.062426
   51.185045   11.960000    0.998987   -0.063298    0.996986   -0.063192
   51.465257   11.960000    0.999296   -0.064050    0.997247   -0.063961
   51.745468   11.960000    0.999549   -0.064809    0.997451   -0.064735
   52.025680   11.960000    0.999746   -0.065576    0.997598   -0.065512
   52.305891   11.960000    0.999887   -0.066349    0.997687   -0.066293
   52.586103   11.960000    0.999972   -0.067130    0.997719   -0.067078
   52.866314   11.960000    1.000000   -0.067919    0.997694   -0.067867
   53.146526   11.960000    0.999972   -0.068715    0.997612   -0.068659
   53.426737   11.960000    0.999888   -0.069519    0.997473   -0.069455
   53.706949   11.960000    0.999748   -0.070330    0.997276   -0.070255
   53.987160   11.960000    0.999551   -0.071150    0.997022   -0.071058
   54.267372   11.960000    0.999299   -0.071977    0.996711   -0.071865
   54.547583   11.960000    0.998990   -0.072812    0.996343   -0.072675
   54.827795   11.960000    0.998625   -0.073656    0.995918   -0.073488
   55.108006   11.960000    0.998204   -0.074508    0.995435   -0.074305
   55.388218   11.960000    0.997728   -0.075368    0.994895   -0.075126
   55.668429   11.960000    0.997195   -0.076237    0.994298   -0.075949
   55.948640   11.960000    0.996606   -0.077114    0.993644   -0.076776
   56.228852   11.960000    0.995962   -0.078000    0.992933   -0.077606
   56.509063   11.960000    0.995261   -0.078894    0.992165   -0.078439
   56.789275   11.960000    0.994505   -0.079798    0.991340   -0.079275
   57.069486   11.960000    0.993693   -0.080710    0.990458   -0.080114
   57.349698   11.960000    0.992826   -0.081632    0.989519   -0.080957
   57.629909   11.960000    0.991902   -0.082563    0.988524   -0.081802
   57.910121   11.960000    0.990924   -0.083503    0.987471   -0.082649
   58.190332   11.960000    0.989890   -0.084453    0.986362   -0.083500
   58.470544   11.960000    0.988800   -0.085413    0.985196   -0.084353
   58.750755   11.960000    0.987656   -0.086382    0.983973   -0.085210
   59.030967   11.960000    0.986456   -0.087361    0.982694   -0.086068
   59.311178   11.960000    0.985201   -0.088350    0.981358   -0.086929
   59.591390   11.960000    0.983891   -0.089349    0.979966   -0.087793
   59.871601   11.960000    0.982526   -0.090359    0.978517   -0.088659
   60.151813   11.960000    0.981106   -0.091379    0.977012   -0.089528
   60.432024   11.960000    0.979631   -0.092410    0.975451   -0.090399
   60.712236   11.960000    0.978102   -0.093451    0.973834   -0.091272
   60.992447   11.960000    0.976518   -0.094504    0.972161   -0.092147
   61.272659   11.960000    0.974880   -0.095567    0.970432   -0.093025
   61.552870   11.960000    0.973188   -0.096642    0.968646   -0.093904
   61.833082   11.960000    0.971441   -0.097728    0.966806   -0.094786
   62.113293   11.960000    0.969640   -0.098825    0.964909   -0.095669
   62.393505   11.960000    0.967786   -0.099935    0.962957   -0.096555
   62.673716   11.960000    0.965877   -0.101056    0.960949   -0.097442
   62.953927   11.960000    0.963915   -0.102189    0.958887   -0.098331
   63.234139   11.960000    0.961899   -0.103335    0.956768   -0.099221
   63.514350   11.960000    0.959830   -0.104493    0.954595   -0.100113
   63.794562   11.960000    0.957708   -0.105664    0.952367   -0.101007
   64.074773   11.960000    0.955533   -0.106848    0.950083   -0.101902
   64.354985   11.960000    0.953304   -0.108045    0.947745   -0.102799
   64.635196   11.960000    0.951023   -0.109255    0.945353   -0.103697
   64.915408   11.960000    0.948689   -0.110478    0.942906   -0.104596
   65.195619   11.960000    0.946303   -0.111715    0.940404   -0.105497
   65.475831   11.960000    0.943864   -0.112966    0.937848   -0.106398
   65.756042   11.960000    0.941374   -0.114232    0.935238   -0.107301
   66.036254   11.960000    0.938831   -0.115511    0.932574   -0.108205
   66.316465   11.960000    0.936236   -0.116806    0.929857   -0.109109
   66.596677   11.960000    0.933590   -0.118115    0.927085   -0.110015
   66.876888   11.960000    0.930892   -0.119439    0.924260   -0.110921
   67.157100   11.960000    0.928143   -0.120779    0.921382   -0.111828
   67.437311   11.960000    0.925343   -0.122134    0.918450   -0.112735
   67.717523   11.960000    0.922492   -0.123505    0.915466   -0.113643
   67.997734   11.960000    0.919591   -0.124893    0.912428   -0.114552
   68.277946   11.960000    0.916639   -0.126297    0.909338   -0.115461
   68.558157   11.960000    0.913637   -0.127717    0.906195   -0.116370
   68.838369   11.960000    0.910584   -0.129155    0.903000   -0.117280
   69.118580   11.960000    0.907482   -0.130610    0.899753   -0.118189
   69.398792   11.960000    0.904330   -0.132083    0.896453   -0.119099
   69.679003   11.960000    0.901129   -0.133573    0.893102   -0.120009
   69.959215   11.960000    0.897878   -0.135082    0.889699   -0.120919
   70.239426   11.960000    0.894579   -0.136610    0.886244   -0.121829
   70.519637   11.960000    0.891231   -0.138157    0.882739   -0.122738
   70.799849   11.960000    0.887834   -0.139723    0.879182   -0.123647
   71.080060   11.960000    0.884389   -0.141308    0.875574   -0.124556
   71.360272   11.960000    0.880896   -0.142914    0.871915   -0.125464
   71.640483   11.960000    0.877355   -0.144541    0.868206   -0.126372
   71.920695   11.960000    0.873767   -0.146188    0.864447   -0.127280
   72.200906   11.960000    0.870131   -0.147856    0.860638   -0.128186
   72.481118   11.960000    0.866449   -0.149546    0.856778   -0.129092
   72.761329   11.960000    0.862720   -0.151259    0.852869   -0.129997
   73.041541   11.960000    0.858944   -0.152994    0.848911   -0.130901
   73.321752   11.960000    0.855122   -0.154752    0.844903   -0.131804
   73.601964   11.960000    0.851254   -0.156533    0.840846   -0.132706
   73.882175   11.960000    0.847340   -0.158339    0.836741   -0.133607
   74.162387   11.960000    0.843381   -0.160169    0.832587   -0.134506
   74.442598   11.960000    0.839378   -0.162023    0.828384   -0.135405
   74.722810   11.960000    0.835329   -0.163904    0.824134   -0.136301
   75.003021   11.960000    0.831235   -0.165810    0.819835   -0.137197
   75.283233   11.960000    0.827098   -0.167743    0.815489   -0.138090
   75.563444   11.960000    0.822917   -0.169703    0.811095   -0.138982
   75.843656   11.960000    0.818692   -0.171691    0.806655   -0.139873
   76.123867   11.960000    0.814424   -0.173708    0.802167   -0.140761
   76.404079   11.960000    0.810113   -0.175753    0.797633   -0.141648
   76.684290   11.960000    0.805759   -0.177828    0.793052   -0.142532
   76.964502   11.960000    0.801363   -0.179933    0.788426   -0.143415
   77.244713   11.960000    0.796925   -0.182069    0.783753   -0.144295
   77.524924   11.960000    0.792446   -0.184237    0.779035   -0.145173
   77.805136   11.960000    0.787925   -0.186437    0.774271   -0.146049
   78.085347   11.960000    0.783363   -0.188670    0.769462   -0.146922
   78.365559   11.960000    0.778761   -0.190937    0.764608   -0.147793
   78.645770   11.960000    0.774118   -0.193239    0.759710   -0.148661
   78.925982   11.960000    0.769436   -0.195576    0.754767   -0.149526
   79.206193   11.960000    0.764714   -0.197950    0.749781   -0.150389
   79.486405   11.960000    0.759953   -0.200361    0.744750   -0.151249
   79.766616   11.960000    0.755154   -0.202810    0.739676   -0.152105
   80.046828   11.960000    0.750316   -0.205299    0.734559   -0.152959
   80.327039   11.960000    0.745440   -0.207827    0.729399   -0.153810
   80.607251   11.960000    0.740527   -0.210396    0.724197   -0.154657
   80.887462   11.960000    0.735576   -0.213008    0.718952   -0.155501
   81.167674   11.960000    0.730589   -0.215663    0.713665   -0.156342
   81.447885   11.960000    0.725566   -0.218361    0.708336   -0.157179
   81.728097   11.960000    0.720506   -0.221106    0.702966   -0.158013
   82.008308   11.960000    0.715411   -0.223897    0.697555   -0.158843
   82.288520   11.960000    0.710282   -0.226735    0.692102   -0.159670
   82.568731   11.960000    0.705117   -0.229623    0.686610   -0.160492
   82.848943   11.960000    0.699919   -0.232561    0.681077   -0.161311
   83.129154   11.960000    0.694687   -0.235551    0.675504   -0.162125
   83.409366   11.960000    0.689422   -0.238594    0.669891   -0.162936
   83.689577   11.960000    0.684124   -0.241692    0.664239   -0.163742
   83.969789   11.960000    0.678794   -0.244846    0.658548   -0.164544
   84.250000   11.960000    0.673432   -0.248057    0.652819   -0.165342
   84.530211   11.960000    0.668039   -0.251328    0.647051   -0.166135
   84.810423   11.960000    0.662615   -0.254660    0.641245   -0.166924
   85.090634   11.960000    0.657161   -0.258055    0.635401   -0.167708
   85.370846   11.960000    0.651677   -0.261514    0.629520   -0.168487
   85.651057   11.960000    0.646165   -0.265040    0.623602   -0.169262
   85.931269   11.960000    0.640624   -0.268635    0.617647   -0.170031
   86.211480   11.960000    0.635055   -0.272299    0.611656   -0.170796
   86.491692   11.960000    0.629458   -0.276037    0.605629   -0.171556
   86.771903   11.960000    0.623835   -0.279849    0.599566   -0.172310
   87.052115   11.960000    0.618185   -0.283739    0.593467   -0.173059
   87.332326   11.960000    0.612510   -0.287708    0.587334   -0.173803
   87.612538   11.960000    0.606810   -0.291759    0.581166   -0.174541
   87.892749   11.960000    0.601085   -0.295895    0.574963   -0.175274
   88.172961   11.960000    0.595337   -0.300119    0.568726   -0.176002
   88.453172   11.960000    0.589566   -0.304432    0.562456   -0.176723
   88.733384   11.960000    0.583773   -0.308839    0.556153   -0.177439
   89.013595   11.960000    0.577958   -0.313341    0.549816   -0.178149
   89.293807   11.960000    0.572122   -0.317943    0.543447   -0.178853
   89.574018   11.960000    0.566266   -0.322648    0.537046   -0.179551
   89.854230   11.960000    0.560390   -0.327459    0.530613   -0.180243
   90.134441   11.960000    0.554496   -0.332379    0.524148   -0.180928
   90.414653   11.960000    0.548585   -0.337414    0.517652   -0.181608
   90.694864   11.960000    0.542656   -0.342565    0.511125   -0.182281
   90.975076   11.960000    0.536711   -0.347839    0.504568   -0.182947
   91.255287   11.960000    0.530751   -0.353238    0.497981   -0.183607
   91.535498   11.960000    0.524777   -0.358768    0.491364   -0.184260
   91.815710   11.960000    0.518789   -0.364433    0.484718   -0.184906
   92.095921   11.960000    0.512789   -0.370238    0.478043   -0.185546
   92.376133   11.960000    0.506777   -0.376188    0.471339   -0.186179
   92.656344   11.960000    0.500755   -0.382289    0.464607   -0.186804
   92.936556   11.960000    0.494724   -0.388546    0.457847   -0.187423
   93.216767   11.960000    0.488684   -0.394966    0.451060   -0.188034
   93.496979   11.960000    0.482637   -0.401554    0.444246   -0.188638
   93.777190   11.960000    0.476584   -0.408317    0.437405   -0.189235
   94.057402   11.960000    0.470527   -0.415261    0.430537   -0.189824
   94.337613   11.960000    0.464466   -0.422395    0.423644   -0.190406
   94.617825   11.960000    0.458403   -0.429725    0.416725   -0.190980
   94.898036   11.960000    0.452340   -0.437259    0.409782   -0.191547
   95.178248   11.960000    0.446277   -0.445005    0.402813   -0.192106
   95.458459   11.960000    0.440216   -0.452973    0.395820   -0.192656
   95.738671   11.960000    0.434159   -0.461171    0.388803   -0.193199
   96.018882   11.960000    0.428107   -0.469608    0.381763   -0.193734
   96.299094   11.960000    0.422062   -0.478294    0.374699   -0.194261
   96.579305   11.960000    0.416026   -0.487241    0.367613   -0.194779
   96.859517   11.960000    0.410001   -0.496458    0.360504   -0.195290
   97.139728   11.960000    0.403989   -0.505958    0.353373   -0.195791
   97.419940   11.960000    0.397991   -0.515752    0.346221   -0.196285
   97.700151   11.960000    0.392009   -0.525854    0.339047   -0.196770
   97.980363   11.960000    0.386047   -0.536275    0.331853   -0.197246
   98.260574   11.960000    0.380106   -0.547031    0.324638   -0.197714
   98.540785   11.960000    0.374189   -0.558135    0.317404   -0.198172
   98.820997   11.960000    0.368298   -0.569603    0.310150   -0.198622
   99.101208   11.960000    0.362437   -0.581450    0.302876   -0.199063
   99.381420   11.960000    0.356607   -0.593694    0.295584   -0.199495
   99.661631   11.960000    0.350812   -0.606350    0.288274   -0.199918
   99.941843   11.960000    0.345056   -0.619439    0.280946   -0.200332
  100.222054   11.960000    0.339341   -0.632977    0.273600   -0.200736
  100.502266   11.960000    0.333671   -0.646986    0.266238   -0.201132
  100.782477   11.960000    0.328050   -0.661484    0.258858   -0.201517
  101.062689   11.960000    0.322482   -0.676493    0.251462   -0.201893
  101.342900   11.960000    0.316970   -0.692034    0.244051   -0.202260
  101.623112   11.960000    0.311520   -0.708130    0.236624   -0.202617
  101.903323   11.960000    0.306136   -0.724803    0.229182   -0.202964
  102.183535   11.960000    0.300822   -0.742078    0.221726   -0.203302
  102.463746   11.960000    0.295585   -0.759976    0.214255   -0.203629
  102.743958   11.960000    0.290428   -0.778523    0.206771   -0.203947
  103.024169   11.960000    0.285359   -0.797742    0.199273   -0.204255
  103.304381   11.960000    0.280383   -0.817658    0.191763   -0.204552
  103.584592   11.960000    0.275506   -0.838293    0.184240   -0.204840
  103.864804   11.960000    0.270735   -0.859672    0.176705   -0.205117
  104.145015   11.960000    0.266077   -0.881817    0.169158   -0.205383
  104.425227   11.960000    0.261539   -0.904747    0.161601   -0.205640
  104.705438   11.960000    0.257128   -0.928484    0.154032   -0.205886
  104.985650   11.960000    0.252853   -0.953044    0.146453   -0.206121
  105.265861   11.960000    0.248721   -0.978442    0.138865   -0.206346
  105.546073   11.960000    0.244741   -1.004690    0.131267   -0.206560
  105.826284   11.960000    0.240921   -1.031796    0.123659   -0.206763
  106.106495   11.966694    0.237270   -1.059763    0.116044   -0.206956
  106.386707   11.984307    0.233789   -1.088590    0.108416   -0.207131
  106.666918   12.001921    0.230469   -1.118276    0.100769   -0.207272
  106.947130   12.019534    0.227302   -1.148817    0.093095   -0.207363
  107.227341   12.037147    0.224279   -1.180208    0.085390   -0.207388
  107.507553   12.054760    0.221393   -1.212444    0.077650   -0.207330
  107.787764   12.072374    0.218637   -1.245520    0.069870   -0.207173
  108.067976   12.089987    0.216005   -1.279429    0.062050   -0.206901
  108.348187   12.107600    0.213490   -1.314163    0.054189   -0.206498
  108.628399   12.125214    0.211086   -1.349713    0.046288   -0.205949
  108.908610   12.142827    0.208790   -1.386072    0.038350   -0.205237
  109.188822   12.160440    0.206595   -1.423229    0.030376   -0.204349
  109.469033   12.178054    0.204497   -1.461173    0.022373   -0.203269
  109.749245   12.195667    0.202492   -1.499894    0.014345   -0.201983
  110.029456   12.213280    0.200575   -1.539379    0.006300   -0.200476
  110.309668   12.230893    0.198744   -1.579617   -0.001753   -0.198736
  110.589879   12.248507    0.196994   -1.620593   -0.009806   -0.196750
  110.870091   12.266120    0.195321   -1.662296   -0.017847   -0.194504
  111.150302   12.283733    0.193723   -1.704710   -0.025865   -0.191989
  111.430514   12.301347    0.192196   -1.747821   -0.033846   -0.189193
  111.710725   12.318960    0.190737   -1.791615   -0.041777   -0.186106
  111.990937   12.336573    0.189343   -1.836077   -0.049642   -0.182719
  112.271148   12.354186    0.188010   -1.881191   -0.057425   -0.179025
  112.551360   12.371800    0.186735   -1.926943   -0.065108   -0.175017
  112.831571   12.389413    0.185516   -1.973317   -0.072674   -0.170689
  113.111782   12.407026    0.184349   -2.020299   -0.080103   -0.166037
  113.391994   12.424640    0.183232   -2.067875   -0.087376   -0.161057
  113.672205   12.442253    0.182160   -2.116030   -0.094471   -0.155748
  113.952417   12.459866    0.181132   -2.164750   -0.101369   -0.150110
  114.232628   12.477479    0.180143   -2.214024   -0.108046   -0.144144
  114.512840   12.495093    0.179191   -2.263840   -0.114482   -0.137853
  114.793051   12.512706    0.178272   -2.314185   -0.120652   -0.131240
  115.073263   12.530319    0.177384   -2.365051   -0.126536   -0.124314
  115.353474   12.547933    0.176523   -2.416429   -0.132108   -0.117080
  115.633686   12.565546    0.175686   -2.468311   -0.137348   -0.109550
  115.913897   12.583159    0.174870   -2.520690   -0.142232   -0.101734
  116.194109   12.600773    0.174073   -2.573563   -0.146737   -0.093646
  116.474320   12.618386    0.173290   -2.626926   -0.150841   -0.085301
  116.754532   12.635999    0.172519   -2.680777   -0.154524   -0.076716
  117.034743   12.653612    0.171759   -2.735116   -0.157764   -0.067909
  117.314955   12.671226    0.171005   -2.789943   -0.160541   -0.058902
  117.595166   12.688839    0.170257   -2.845262   -0.162836   -0.049717
  117.875378   12.706452    0.169511   -2.901076   -0.164631   -0.040378
  118.155589   12.724066    0.168766   -2.957391   -0.165911   -0.030911
  118.435801   12.741679    0.168020   -3.014213   -0.166659   -0.021344
  118.716012   12.759292    0.167272   -3.071551   -0.166862   -0.011706
  118.996224   12.776905    0.166522   -3.129412   -0.166509   -0.002028
  119.276435   12.794519    0.165767    3.095379   -0.165590    0.007658
  119.556647   12.812132    0.165009    3.036442   -0.164097    0.017319
  119.836858   12.829745    0.164246    2.976951   -0.162025    0.026920
  120.117069   12.847359    0.163480    2.916896   -0.159370    0.036425
  120.397281   12.864972    0.162710    2.856266   -0.156132    0.045798
  120.677492   12.882585    0.161939    2.795051   -0.152312    0.055002
  120.957704   12.900199    0.161167    2.733242   -0.147915    0.063999
  121.237915   12.917812    0.160395    2.670830   -0.142948    0.072750
  121.518127   12.935425    0.159627    2.607808   -0.137421    0.081218
  121.798338   12.953038    0.158864    2.544171   -0.131347    0.089363
  122.078550   12.970652    0.158109    2.479915   -0.124742    0.097149
  122.358761   12.988265    0.157364    2.415039   -0.117625    0.104537
  122.638973   13.005878    0.156633    2.349542   -0.110017    0.111490
  122.919184   13.023492    0.155917    2.283430   -0.101943    0.117974
  123.199396   13.041105    0.155221    2.216709   -0.093432    0.123952
  123.479607   13.058718    0.154547    2.149387   -0.084513    0.129392
  123.759819   13.076331    0.153897    2.081479   -0.075221    0.134261
  124.040030   13.093945    0.153275    2.012998   -0.065591    0.138531
  124.320242   13.111558    0.152682    1.943965   -0.055663    0.142174
  124.600453   13.129171    0.152121    1.874401   -0.045478    0.145164
  124.880665   13.146785    0.151594    1.804329   -0.035081    0.147479
  125.160876   13.164398    0.151102    1.733777   -0.024518    0.149100
  125.441088   13.182011    0.150645    1.662772   -0.013836    0.150009
  125.721299   13.199625    0.150224    1.591345   -0.003087    0.150193
  126.001511   13.217238    0.149839    1.519525    0.007679    0.149642
  126.281722   13.234851    0.149489    1.447345    0.018408    0.148351
  126.561934   13.252464    0.149172    1.374833    0.029045    0.146317
  126.842145   13.270078    0.148887    1.302021    0.039537    0.143541
  127.122356   13.287691    0.148630    1.228935    0.049827    0.140029
  127.402568   13.305304    0.148399    1.155602    0.059859    0.135791
  127.682779   13.322918    0.148191    1.082044    0.069579    0.130840
  127.962991   13.340531    0.148000    1.008280    0.078931    0.125196
  128.243202   13.358144    0.147825    0.934326    0.087861    0.118880
  128.523414   13.375757    0.147659    0.860193    0.096316    0.111921
  128.803625   13.393371    0.147498    0.785889    0.104246    0.104348
  129.083837   13.410984    0.147337    0.711414    0.111599    0.096197
  129.364048   13.428597    0.147173    0.636769    0.118330    0.087509
  129.644260   13.446211    0.147000    0.561944    0.124395    0.078326
  129.924471   13.463824    0.146815    0.486929    0.129751    0.068697
  130.204683   13.481437    0.146613    0.411708    0.134361    0.058671
  130.484894   13.499050    0.146391    0.336262    0.138192    0.048303
  130.765106   13.500000    0.146147    0.260567    0.141214    0.037652
  131.045317   13.500000    0.145886    0.184602    0.143407    0.026778
  131.325529   13.500000    0.145614    0.108350    0.144760    0.015746
  131.605740   13.506653    0.145337    0.031802    0.145263    0.004621
  131.885952   13.524285    0.145059   -0.045047    0.144911   -0.006532
  132.166163   13.541916    0.144778   -0.122201    0.143698   -0.017648
  132.446375   13.559547    0.144494   -0.199664    0.141623   -0.028659
  132.726586   13.577178    0.144205   -0.277442    0.138691   -0.039497
  133.006798   13.594810    0.143912   -0.355543    0.134911   -0.050096
  133.287009   13.612441    0.143613   -0.433974    0.130300   -0.060386
  133.567221   13.630072    0.143308   -0.512743    0.124879   -0.070303
  133.847432   13.647704    0.142998   -0.591859    0.118675   -0.079779
  134.127644   13.665335    0.142682   -0.671330    0.111719   -0.088752
  134.407855   13.682966    0.142361   -0.751165    0.104051   -0.097160
  134.688066   13.700597    0.142036   -0.831371    0.095713   -0.104944
  134.968278   13.718229    0.141708   -0.911955    0.086754   -0.112049
  135.248489   13.735860    0.141378   -0.992922    0.077227   -0.118421
  135.528701   13.753491    0.141047   -1.074277    0.067190   -0.124015
  135.808912   13.771123    0.140717   -1.156022    0.056707   -0.128785
  136.089124   13.788754    0.140390   -1.238157    0.045843   -0.132694
  136.369335   13.806385    0.140067   -1.320682    0.034669   -0.135709
  136.649547   13.824016    0.139750   -1.403592    0.023258   -0.137801
  136.929758   13.841648    0.139440   -1.486884    0.011687   -0.138950
  137.209970   13.859279    0.139140   -1.570548    0.000035   -0.139140
  137.490181   13.876910    0.138851   -1.654576   -0.011619   -0.138364
  137.770393   13.894542    0.138573   -1.738956   -0.023193   -0.136618
  138.050604   13.912173    0.138308   -1.823676   -0.034604   -0.133909
  138.330816   13.929804    0.138056   -1.908720   -0.045770   -0.130249
  138.611027   13.947435    0.137819   -1.994074   -0.056609   -0.125656
  138.891239   13.965067    0.137596   -2.079722   -0.067042   -0.120158
  139.171450   13.982698    0.137387   -2.165647   -0.076989   -0.113788
  139.451662   14.000329    0.137191   -2.251834   -0.086375   -0.106586
  139.731873   14.017961    0.137008   -2.338267   -0.095127   -0.098600
  140.012085   14.035592    0.136836   -2.424932   -0.103175   -0.089883
  140.292296   14.053223    0.136674   -2.511817   -0.110455   -0.080496
  140.572508   14.070854    0.136521   -2.598909   -0.116907   -0.070504
  140.852719   14.088486    0.136374   -2.686201   -0.122476   -0.059979
  141.132931   14.106117    0.136232   -2.773686   -0.127116   -0.048998
  141.413142   14.123748    0.136092   -2.861359   -0.130784   -0.037640
  141.693353   14.141380    0.135953   -2.949221   -0.133445   -0.025993
  141.973565   14.159011    0.135812   -3.037272   -0.135074   -0.014142
  142.253776   14.176642    0.135667   -3.125516   -0.135650   -0.002181
  142.533988   14.194273    0.135517    3.069225   -0.135162    0.009798
  142.814199   14.211905    0.135359    2.980572   -0.133608    0.021702
  143.094411   14.229536    0.135194    2.891699   -0.130994    0.033433
  143.374622   14.247167    0.135019    2.802594   -0.127335    0.044899
  143.654834   14.264799    0.134834    2.713243   -0.122652    0.056006
  143.935045   14.282430    0.134639    2.623632   -0.116978    0.066661
  144.215257   14.300061    0.134434    2.533746   -0.110354    0.076775
  144.495468   14.317692    0.134219    2.443571   -0.102827    0.086263
  144.775680   14.335324    0.133996    2.353094   -0.094455    0.095043
  145.055891   14.352955    0.133766    2.262301   -0.085302    0.103038
  145.336103   14.370586    0.133530    2.171184   -0.075439    0.110178
  145.616314   14.388218    0.133291    2.079733   -0.064946    0.116398
  145.896526   14.405849    0.133049    1.987943   -0.053905    0.121640
  146.176737   14.423480    0.132809    1.895813   -0.042409    0.125856
  146.456949   14.441111    0.132571    1.803342   -0.030552    0.129003
  146.737160   14.458743    0.132339    1.710533   -0.018433    0.131049
  147.017372   14.476374    0.132114    1.617396   -0.006154    0.131970
  147.297583   14.494005    0.131898    1.523939    0.006178    0.131754
  147.577795   14.511637    0.131694    1.430176    0.018458    0.130394
  147.858006   14.529268    0.131503    1.336122    0.030578    0.127898
  148.138218   14.546899    0.131325    1.241796    0.042431    0.124281
  148.418429   14.564530    0.131161    1.147216    0.053911    0.119570
  148.698640   14.582162    0.131013    1.052403    0.064915    0.113800
  148.978852   14.599793    0.130879    0.957377    0.075343    0.107018
  149.259063   14.617424    0.130758    0.862159    0.085098    0.099278
  149.539275   14.635056    0.130651    0.766766    0.094089    0.090647
  149.819486   14.652687    0.130554    0.671216    0.102232    0.081197
  150.099698   14.670318    0.130466    0.575523    0.109449    0.071009
  150.379909   14.687949    0.130385    0.479699    0.115669    0.060174
  150.660121   14.705581    0.130309    0.383751    0.120831    0.048788
  150.940332   14.723212    0.130234    0.287684    0.124882    0.036952
  151.220544   14.740843    0.130159    0.191499    0.127780    0.024773
  151.500755   14.758474    0.130080    0.095192    0.129491    0.012364
  151.780967   14.776106    0.129996   -0.001244    0.129996   -0.000162
  152.061178   14.793737    0.129904   -0.097819    0.129283   -0.012687
  152.341390   14.811368    0.129802   -0.194546    0.127353   -0.025093
  152.621601   14.829000    0.129689   -0.291441    0.124220   -0.037264
  152.901813   14.846631    0.129563   -0.388523    0.119907   -0.049081
  153.182024   14.864262    0.129426   -0.485809    0.114451   -0.060432
  153.462236   14.881893    0.129275   -0.583321    0.107898   -0.071205
  153.742447   14.899525    0.129113   -0.681077    0.100308   -0.081294
  154.022659   14.917156    0.128940   -0.779095    0.091747   -0.090598
  154.302870   14.934787    0.128758   -0.877392    0.082297   -0.099025
  154.583082   14.952419    0.128568   -0.975982    0.072044   -0.106487
  154.863293   14.970050    0.128374   -1.074875    0.061086   -0.112909
  155.143505   14.987681    0.128177   -1.174079    0.049527   -0.118222
  155.423716   15.005312    0.127980   -1.273596    0.037478   -0.122370
  155.703927   15.022944    0.127787   -1.373426    0.025058   -0.125306
  155.984139   15.040575    0.127599   -1.473562    0.012387   -0.126996
  156.264350   15.058206    0.127420   -1.573995   -0.000408   -0.127419
  156.544562   15.075838    0.127252   -1.674710   -0.013199   -0.126565
  156.824773   15.093469    0.127096   -1.775691   -0.025859   -0.124438
  157.104985   15.111100    0.126955   -1.876915   -0.038259   -0.121053
  157.385196   15.128731    0.126829   -1.978361   -0.050272   -0.116440
  157.665408   15.146363    0.126718   -2.080005   -0.061774   -0.110642
  157.945619   15.163994    0.126623   -2.181822   -0.072645   -0.103712
  158.225831   15.181625    0.126543   -2.283789   -0.082772   -0.095718
  158.506042   15.199257    0.126475   -2.385882   -0.092047   -0.086737
  158.786254   15.216888    0.126419   -2.488084   -0.100371   -0.076860
  159.066465   15.234519    0.126372   -2.590377   -0.107655   -0.066184
  159.346677   15.252150    0.126331   -2.692749   -0.113818   -0.054818
  159.626888   15.269782    0.126293   -2.795193   -0.118791   -0.042878
  159.907100   15.287413    0.126255   -2.897706   -0.122519   -0.030488
  160.187311   15.305044    0.126215   -3.000289   -0.124957   -0.017775
  160.467523   15.322676    0.126169   -3.102950   -0.126075   -0.004874
  160.747734   15.340307    0.126115    3.077485   -0.125856    0.008079
  161.027946   15.357938    0.126051    2.974630   -0.124298    0.020948
  161.308157   15.375569    0.125974    2.871651   -0.121412    0.033594
  161.588369   15.393201    0.125883    2.768527   -0.117224    0.045881
  161.868580   15.410832    0.125778    2.665235   -0.111776    0.057675
  162.148792   15.428463    0.125659    2.561751   -0.105120    0.068848
  162.429003   15.446095    0.125527    2.458052   -0.097326    0.079276
  162.709215   15.463726    0.125382    2.354114   -0.088474    0.088843
  162.989426   15.481357    0.125227    2.249919   -0.078656    0.097442
  163.269637   15.498988    0.125064    2.145451   -0.067978    0.104976
  163.549849   15.516620    0.124895    2.040696   -0.056552    0.111358
  163.830060   15.534251    0.124724    1.935647   -0.044503    0.116514
  164.110272   15.551882    0.124554    1.830301   -0.031961    0.120383
  164.390483   15.569514    0.124388    1.724663   -0.019064    0.122918
  164.670695   15.587145    0.124229    1.618740   -0.005954    0.124086
  164.950906   15.604776    0.124081    1.512546    0.007224    0.123870
  165.231118   15.622407    0.123945    1.406100    0.020321    0.122267
  165.511329   15.640039    0.123823    1.299424    0.033191    0.119291
  165.791541   15.657670    0.123717    1.192543    0.045688    0.114971
  166.071752   15.675301    0.123627    1.085484    0.057670    0.109352
  166.351964   15.692933    0.123554    0.978277    0.068999    0.102493
  166.632175   15.710564    0.123496    0.870948    0.079544    0.094467
  166.912387   15.728195    0.123453    0.763523    0.089183    0.085364
  167.192598   15.745826    0.123421    0.656024    0.097802    0.075283
  167.472810   15.763458    0.123398    0.548470    0.105299    0.064338
  167.753021   15.781089    0.123382    0.440875    0.111584    0.052651
  168.033233   15.798720    0.123369    0.333247    0.116582    0.040356
  168.313444   15.816352    0.123356    0.225588    0.120230    0.027592
  168.593656   15.833983    0.123338    0.117894    0.122482    0.014507
  168.873867   15.851614    0.123314    0.010155    0.123307    0.001252
  169.154079   15.869245    0.123279   -0.097643    0.122692   -0.012018
  169.434290   15.886877    0.123233   -0.205519    0.120639   -0.025149
  169.714502   15.904508    0.123172   -0.313498    0.117169   -0.037985
  169.994713   15.922139    0.123096   -0.421604    0.112317   -0.050374
  170.274924   15.939771    0.123004   -0.529866    0.106137   -0.062169
  170.555136   15.957402    0.122898   -0.638311    0.098699   -0.073227
  170.835347   15.975033    0.122777   -0.746966    0.090088   -0.083416
  171.115559   15.992664    0.122644   -0.855853    0.080402   -0.092612
  171.395770   16.010296    0.122501   -0.964995    0.069754   -0.100701
  171.675982   16.027927    0.122351   -1.074407    0.058270   -0.107584
  171.956193   16.045558    0.122198   -1.184099    0.046085   -0.113174
  172.236405   16.063190    0.122044   -1.294075    0.033343   -0.117401
  172.516616   16.080821    0.121894   -1.404334    0.020197   -0.120210
  172.796828   16.098452    0.121752   -1.514866    0.006806   -0.121561
  173.077039   16.116083    0.121619   -1.625657   -0.006669   -0.121436
  173.357251   16.133715    0.121500   -1.736686   -0.020063   -0.119832
  173.637462   16.151346    0.121396   -1.847928   -0.033214   -0.116764
  173.917674   16.168977    0.121308   -1.959354   -0.045958   -0.112265
  174.197885   16.186609    0.121237   -2.070935   -0.058139   -0.106388
  174.478097   16.204240    0.121184   -2.182637   -0.069605   -0.099200
  174.758308   16.221871    0.121146   -2.294432   -0.080213   -0.090788
  175.038520   16.239502    0.121123   -2.406290   -0.089828   -0.081251
  175.318731   16.257134    0.121112   -2.518188   -0.098330   -0.070705
  175.598943   16.274765    0.121109   -2.630108   -0.105609   -0.059280
  175.879154   16.292396    0.121112   -2.742034   -0.111572   -0.047114
  176.159366   16.300000    0.121116   -2.853963   -0.116140   -0.034358
  176.439577   16.300000    0.121120   -2.965891   -0.119255   -0.021172
  176.719789   16.300000    0.121124   -3.077821   -0.120878   -0.007719
  177.000000   16.300000    0.121128    3.093435   -0.120988    0.005831
